 -0.00624180242728276  0.03519236099871152  0.06042006774001506  0.07998797814866010
  0.09689439722366287  0.11225070868528456  0.12640622312730690  0.13969510489990231
  0.15225819286878084  0.16433206720635696  0.17587863338187176  0.18709076338672948
  0.19789053379297650  0.20845913560080531  0.21869338230366411  0.22874494787356592
  0.23853766502220486  0.24818668961112961  0.25762449557359696  0.26692454174572583
  0.27606680601728545  0.28508444983219178  0.29398060548944055  0.30275949993727447
  0.31144390405050565  0.32002941493938536  0.32853141728537849  0.33696332676096769
  0.34530969661742206  0.35360563296949854  0.36181942513988480  0.36998200183906188
  0.37809416214804226  0.38615276951621585  0.39417631603173225  0.40215191134234723
  0.41009837792762460  0.41801227245033723  0.42589106865969295  0.43374872779990858
  0.44158706587492441  0.44940434544286928  0.45720031083497065  0.46497517644935160
  0.47273348480134358  0.48048412362292042  0.48822985446038114  0.49596548144918684
  0.50371126876675765  0.51145447709812808  0.51920042651485043  0.52695673042281299
  0.53471691634443308  0.54249961486315457  0.55029974650668667  0.55811543908009076
  0.56594841325331990  0.57380596120760674  0.58168796518458343  0.58960727259004364
  0.59756065196917008  0.60554670970481805  0.61358399162695021  0.62165715603582539
  0.62977927275765100  0.63794399355097176  0.64615071942625935  0.65442728250650717
  0.66276472772644479  0.67118747478228191  0.67969165908808127  0.68827249614692176
  0.69696527835214550  0.70575299097223865  0.71466111868231075  0.72369302803728575
  0.73284044099519530  0.74214943675609646  0.75157337661485202  0.76120776286042968
  0.77097775973094040  0.78102438313441669  0.79124110813491833  0.80180001540217194
  0.81256390061646100  0.82376531397491093  0.83527648131665888  0.84734461986937037
  0.85989189807349320  0.87317340248353670  0.88727916375099913  0.90257836082413756
  0.91949088270375767  0.93900941656611536  0.96418026633411791  1.00000000000000000
 -0.00246042671873250  0.01039327325132905  0.02106695333981310  0.03184309080742557
  0.04249250549226851  0.05298568051520670  0.06347444784548956  0.07414044556438930
  0.08493103599470096  0.09562036412377546  0.10623155238514943  0.11681380529959595
  0.12730706589098967  0.13769167465634710  0.14805567302826669  0.15855348247914369
  0.16910849625987626  0.17963819066373521  0.19021790477664061  0.20070636732956920
  0.21117671858360323  0.22157630766257239  0.23200805606237171  0.24245066109163210
  0.25290994340754680  0.26333930648001452  0.27377910694440566  0.28415371611148754
  0.29449540226447646  0.30501240915432815  0.31551988264993497  0.32606602641842619
  0.33664424910118956  0.34736036724469072  0.35806099524879687  0.36864424698155229
  0.37925991520824132  0.38988898467522354  0.40047831456414723  0.41112953943415825
  0.42167319960196764  0.43218153571101203  0.44262862919032531  0.45315361744330773
  0.46366449470385601  0.47417504626492213  0.48470473248004309  0.49536016000372191
  0.50593370833736662  0.51660831203930146  0.52720034130349691  0.53779656765087713
  0.54821833028880229  0.55879891679745286  0.56931482006326584  0.57986040865795330
  0.59027980985659367  0.60072257678969754  0.61114548565713311  0.62154996021330222
  0.63201022945910368  0.64249159122366928  0.65314111463087843  0.66379024246559681
  0.67439436974311395  0.68472810700318543  0.69531840971437964  0.70596787783267279
  0.71639881957503204  0.72686650446858136  0.73722027983744265  0.74766111709296867
  0.75791275369891942  0.76825976441304034  0.77884197223242913  0.78944619944735261
  0.80015473929558634  0.81097654468807756  0.82163509081832187  0.83224856975757289
  0.84259953535416587  0.85299283554151106  0.86339406922990525  0.87377629775317600
  0.88428430167961902  0.89476199376296495  0.90519054403271570  0.91560849193013794
  0.92602328798676270  0.93656785038573565  0.94710367796097961  0.95753659336281294
  0.96802113613801999  0.97854317208582575  0.98926523429431201  1.00000000000000000
   1.7621822493633406E-006  -1.0000000000000000     
 F F F F
  <DiscreteSampler_grid>
  grouped_processes
  1 # 1 for a reference and 2 for a running grid.
  10 # Attribute 'min_bin_probing_points' of the grid.
  1 # Attribute 'grid_mode' of the grid. 1=='default',2=='initialization'
  0.0000000000000000 # Attribute 'small_contrib_threshold' of the grid.
  0.5000000000000000 # Attribute 'damping_power' of the grid.
 # binID   n_entries weight   weight_sqr   abs_weight
    10   10   4.243907633053688E+005   1.961600367220174E+011   4.243907633053688E+005
  </DiscreteSampler_grid>
