 -0.00647167146068743  0.03469737269968923  0.05983319216490000  0.07951154903256996
  0.09648142774305069  0.11189886997585287  0.12613849176694625  0.13950279054246514
  0.15206527376793091  0.16413341445035054  0.17566727798127027  0.18687858838710414
  0.19768386958516745  0.20826286928901513  0.21849693678775967  0.22855084643166620
  0.23834229802729406  0.24798746476177813  0.25741245904757054  0.26670829425967496
  0.27584260912636044  0.28486667562877532  0.29378330866473562  0.30258889009908368
  0.31129984350006151  0.31990018187093899  0.32841739382541751  0.33686130324841373
  0.34521710147630141  0.35351868815593090  0.36172697381286129  0.36987207088730184
  0.37796858842694825  0.38603108459477503  0.39407082604038302  0.40206086590861823
  0.41001102284690127  0.41792268807244976  0.42579951722879389  0.43365849039091381
  0.44149765584131317  0.44931974538258274  0.45712549565196814  0.46491470610348989
  0.47268445377994006  0.48044385482593738  0.48819521431452673  0.49595537602290973
  0.50370945829028202  0.51146280835044855  0.51922653013539832  0.52700932770776754
  0.53479760569599422  0.54259791287156145  0.55041421214497754  0.55824909619153795
  0.56610243960801077  0.57397886312656710  0.58187563165036349  0.58979747561028861
  0.59774345621205172  0.60571113884355166  0.61372285982259567  0.62177922854619139
  0.62988577833271997  0.63806541861251032  0.64629209707481627  0.65460208868006520
  0.66295953795796536  0.67138768063228560  0.67988338914094792  0.68845625738586469
  0.69714527263957171  0.70594415907653030  0.71486679279911980  0.72390625050544621
  0.73306020027120966  0.74234485146502271  0.75176229638853487  0.76139191671088591
  0.77118489986834049  0.78123879707566524  0.79144741051612577  0.80200184352079029
  0.81278331558629713  0.82398740655757119  0.83550114634645556  0.84755381153599907
  0.86008605617628342  0.87335702101869894  0.88746863307457169  0.90276864818294389
  0.91964968774117484  0.93914892173440034  0.96429247992676992  1.00000000000000000
 -0.00248043904482816  0.00950453181638598  0.01965031517502574  0.03014112180045489
  0.04058510238544716  0.05120507741124733  0.06190896228114633  0.07281452638806364
  0.08375312335195439  0.09453153031457211  0.10520614184343434  0.11568993096555968
  0.12620380012563773  0.13665349361544979  0.14703813941432867  0.15731041328526554
  0.16765931124488637  0.17803710807631337  0.18835148298411913  0.19853729390191116
  0.20870303404322435  0.21891670519983733  0.22920301836223131  0.23953018685832900
  0.24988242087077678  0.26020590976664748  0.27057198252615616  0.28099185774211588
  0.29148966954337258  0.30201770890280039  0.31266818335828206  0.32332315236511733
  0.33391944688490899  0.34440861682377844  0.35491286476278106  0.36550146646381360
  0.37608501912020753  0.38654768946051282  0.39702870000385476  0.40761937686003702
  0.41830325570568000  0.42893269096886583  0.43952344676350369  0.45017367650823376
  0.46090460567565539  0.47172922622138164  0.48267273316296461  0.49350425830575623
  0.50435838033531766  0.51519527561648437  0.52596821822919337  0.53655434905375898
  0.54711305757440032  0.55762931782027869  0.56821352698613237  0.57883035862130261
  0.58955136977785938  0.60035113247226546  0.61104404626494513  0.62171218641991766
  0.63215156231909653  0.64252413969396860  0.65292931563465639  0.66325604624540013
  0.67357360098415231  0.68389118320837528  0.69432386546962133  0.70484784163895020
  0.71539065317453165  0.72591003326299897  0.73632793796229223  0.74670419110414521
  0.75740108731760181  0.76825296760779671  0.77908144239735655  0.78978148843387286
  0.80035186647762635  0.81101052435958976  0.82148320481890524  0.83197219628177277
  0.84247682331984208  0.85319076323546106  0.86405183966958909  0.87476032816105476
  0.88549356775509525  0.89611676626802028  0.90666512727502269  0.91717716420853412
  0.92765380577587153  0.93803455988391793  0.94824683334844917  0.95858017305145937
  0.96904829778678958  0.97949659376431875  0.98972366185651106  1.00000000000000000
   1.7671861680667177E-007  -1.0000000000000000     
 F F F F
  <DiscreteSampler_grid>
  grouped_processes
  1 # 1 for a reference and 2 for a running grid.
  10 # Attribute 'min_bin_probing_points' of the grid.
  1 # Attribute 'grid_mode' of the grid. 1=='default',2=='initialization'
  0.0000000000000000 # Attribute 'small_contrib_threshold' of the grid.
  0.5000000000000000 # Attribute 'damping_power' of the grid.
 # binID   n_entries weight   weight_sqr   abs_weight
    10   10   2.946983606213520E+004   1.179398611938340E+009   2.946983606213520E+004
  </DiscreteSampler_grid>
