  0.23443716367085779  0.25237624409633430  0.25475248819266860  0.25712873228900290
  0.25950497638533720  0.26188122048167151  0.26425746457800586  0.26663370867434016
  0.26900995277067447  0.27130148773661578  0.27331364637832867  0.27532580502004150
  0.27733796366175439  0.27935012230346723  0.28136228094518007  0.28337443958689296
  0.28538659822860579  0.28739875687031863  0.28941091551203152  0.29142307415374435
  0.29412147637246389  0.29691439798442437  0.29970731959638491  0.30250024120834546
  0.30529316282030600  0.30808608443226648  0.31087900604422702  0.31367192765618757
  0.31646484926814811  0.31925777088010865  0.32205069249206913  0.32484361410402968
  0.32763653571599022  0.33042945732795076  0.33322237893991125  0.44229291576204255
  0.55576021338291526  0.62604602427316303  0.62872963781658586  0.63141325136000870
  0.63409686490343153  0.63678047844685437  0.63946409199027721  0.64214770553370004
  0.64483131907712288  0.64751493262054571  0.65019854616396866  0.65288215970739150
  0.65556577325081433  0.65824938679423728  0.66093300033766011  0.66361661388108295
  0.66630022742450579  0.66898384096792862  0.67166745451135146  0.67435106805477429
  0.67703468159819713  0.67971829514161997  0.68240190868504280  0.68508552222846564
  0.69887947332399758  0.75169663272580955  0.75478440018409498  0.75787216764238030
  0.76095993510066573  0.76404770255895116  0.76713547001723648  0.77022323747552190
  0.77331100493380733  0.77639877239209276  0.77948653985037819  0.78257430730866362
  0.78566207476694905  0.78874984222523448  0.79183760968351979  0.79492537714180522
  0.79801314460009065  0.80110091205837597  0.80418867951666140  0.80727644697494683
  0.81036421443323214  0.84748281981198459  0.85773175937539070  0.86152000027343500
  0.86530824117147920  0.86909648206952350  0.87288472296756781  0.87641033156707893
  0.87960387078931235  0.88279741001154577  0.88599094923377919  0.88918448845601250
  0.89237802767824592  0.89557156690047934  0.97880655924479165  1.00000000000000000
  0.01686513026555373  0.27319966603616042  0.27556599873898752  0.27793233144181467
  0.28029866414464177  0.28266499684746893  0.28503132955029609  0.28739766225312319
  0.28976399495595034  0.29209681122059367  0.29429208997429379  0.29648736872799386
  0.29868264748169399  0.30087792623539411  0.30307320498909424  0.30526848374279436
  0.30746376249649443  0.30965904125019456  0.31185432000389468  0.31483313310360395
  0.31813842584909247  0.32144371859458104  0.32474901134006956  0.32805430408555813
  0.33135959683104665  0.33466488957653523  0.33797018232202380  0.34127547506751238
  0.34458076781300095  0.34788606055848953  0.35119135330397810  0.36581925056769643
  0.37878246319570730  0.38288783955418604  0.38699321591266472  0.39109859227114346
  0.39520396862962220  0.39930934498810094  0.40341472134657969  0.40752009770505848
  0.41162547406353722  0.41573085042201602  0.41983622678049476  0.42394160313897344
  0.42804697949745218  0.43215235585593093  0.43625773221440967  0.51890108684195690
  0.63562110949143480  0.75007979734033348  0.75405819189924106  0.75803658645814864
  0.76201498101705623  0.76599337557596381  0.76997177013487139  0.77280209356539165
  0.77531506397964423  0.77782803439389669  0.78034100480814927  0.78285397522240174
  0.78536694563665432  0.78787991605090679  0.79039288646515937  0.79290585687941184
  0.79541882729366442  0.79793179770791689  0.80044476812216936  0.80295773853642194
  0.80547070895067441  0.80798367936492688  0.81049664977917935  0.81312696968047182
  0.81621859806954500  0.81931022645861817  0.82240185484769135  0.82549348323676452
  0.82858511162583759  0.83167674001491076  0.88751103675368470  0.91891359821628593
  0.92190867296262269  0.92490374770895933  0.92789882245529598  0.93089389720163263
  0.93388897194796927  0.93688404669430592  0.93812812270885537  0.93891886606089914
  0.93970960941294301  0.94050035276498689  0.94129109611703077  0.94208183946907464
  0.94287258282111841  0.94366332617316229  0.94417179028193154  1.00000000000000000
   1.1663024006581356E-009  -1.0000000000000000     
 F F F F
  <DiscreteSampler_grid>
  grouped_processes
  1 # 1 for a reference and 2 for a running grid.
  10 # Attribute 'min_bin_probing_points' of the grid.
  1 # Attribute 'grid_mode' of the grid. 1=='default',2=='initialization'
  0.0000000000000000 # Attribute 'small_contrib_threshold' of the grid.
  0.5000000000000000 # Attribute 'damping_power' of the grid.
 # binID   n_entries weight   weight_sqr   abs_weight
    10   10   4.623980988148536E+005   2.415014144431974E+011   4.623980988148536E+005
  </DiscreteSampler_grid>
